16908800
16909055
17040384
17040639
17563648
17825791
19726336
19791871
22544384
23068671
30015488
30146559
241631232
241696767
243400704
243531775
247479296
247480319
247726080
247857151
459460608
459464703
459983872
459984895
460136448
460144639
460345344
460349439
460598272
460599295
461626368
461627391
603996160
604012543
604045312
604110847
607322112
607387647
620625920
620691455
660602880
661651455
710115328
710148095
710967296
711000063
713031680
714080255
714899456
714932223
716931072
716963839
717360128
717361151
717815808
717848575
718274560
719323135
822345728
822607871
837287936
837550079
975044608
975175679
978550784
978555138
978555140
978557951
978558208
978561023
978561280
978567423
978567680
978583551
980680704
980942847
981467136
981991423
985849856
985858047
985860096
985862143
985874432
985878527
986185728
986193919
986636288
986648575
994050048
994074623
994078720
994123775
994140160
994246655
996933632
997064703
999751680
999784447
1006785699
1006785699
1008631808
1008633087
1019346944
1019478015
1020133376
1020264447
1022820352
1022885887
1023246336
1023279103
1023692800
1023693823
1026555904
1026773325
1026773327
1026818047
1032257536
1032323071
1033109504
1033240575
1038614528
1038618623
1038680064
1038688255
1038975232
1038975265
1038975267
1038975332
1038999808
1039003903
1039004416
1039007743
1694760960
1694957567
1694958592
1695023103
1698037760
1698103295
1699618816
1699627007
1700823040
1700855807
1701314560
1701576703
1703149568
1703411711
1704656896
1704722431
1707081728
1707737087
1710964736
1711013887
1728120832
1728121855
1729957888
1729958911
1744206848
1744207871
1778515968
1778647039
1848115200
1848311807
1848344576
1848377343
1848639488
1848705023
1849163776
1849688063
1851785216
1851850751
1856315392
1856323583
1856815104
1856843775
1860706304
1860714495
1860960256
1861091327
1866711040
1866715135
1870659584
1872756735
1872822272
1872823039
1872823296
1872825087
1872825344
1872887807
1874493440
1874497535
1874853888
1875902463
1876946944
1876947967
1876948992
1876950015
1880748032
1880748287
1887174656
1887436799
1896595456
1896603647
1897857024
1897865983
1897866496
1897869055
1897869312
1897922559
1898708992
1898971135
1909719040
1909735423
1913913344
1914044415
1916207104
1916272639
1916796928
1917124607
1919811584
1919815679
1919987712
1919991295
1920008192
1920073727
1921253376
1921286143
1921288448
1921318911
1926234112
1926235391
1926235648
1926496255
1926692864
1926758399
1928331264
1929379839
1930962944
1930969087
1930985472
1930987519
1931018240
1931345919
1931476992
1931673599
1931715328
1931739135
1932460032
1932525567
1934884864
1934901247
1934934016
1934942207
1937440768
1937506303
1940523520
1940523775
1940557312
1940557567
1940567040
1940567295
1940574976
1940575231
1940586496
1940652031
1941241856
1941438463
1950011392
1950015487
1950227200
1950227455
1950679040
1950744575
1950747136
1950747391
1952076032
1952076287
1952102400
1952104447
1954552832
1954553599
1958809600
1958813695
1960132608
1960181759
1960198144
1960202239
1960359936
1960361983
1960437760
1960472575
1962016768
1962147839
1962213376
1962246143
1962246400
1962264575
1962265856
1962278911
1966419968
1966424063
1966452736
1966456831
1967652864
1967658495
1967658752
1967660543
1967660800
1967679487
1967682560
1967783935
1967800320
1967800575
1967801344
1967804415
1968111616
1968144383
1968171008
1968172031
1968173568
1968173823
1969717248
1969721343
1969881088
1970012159
1970274304
1970798591
1970814976
1970831359
1970962432
1970995199
1971324928
1971519487
1971650560
1971724543
1971847168
1971847423
1971912448
1971912703
1971932160
1971932415
1981419520
1981423615
1981464064
1981464575
1981480960
1981677567
1984131072
1984135167
1985282048
1985347583
1986401280
1986401535
1989148672
1989181439
1989183488
1989183743
1989184512
1989184767
1989185536
1989192959
1989193216
1989193471
1989195776
1989196031
1989200128
1989200383
1989203200
1989203455
1989204736
1989204991
1989208832
1989209087
1989210112
1989210367
1989212672
1989212927
1989214208
1989222399
1989284352
1989292031
1989296128
1989345279
1991901184
1991966719
1992466432
1992485887
1992486144
1992491007
1992687616
1992818687
1993146368
1993146879
1994391552
1994784767
1994829824
1994831871
1994833920
1994838015
1995833344
1995964415
1996619776
1996627967
1997144064
1997176831
1997717504
1997723647
1998323712
1998454783
1999110400
1999130623
1999276032
1999278079
1999298560
1999306751
2000224256
2000355327
2001457152
2001461247
2001731584
2001797119
2003501056
2003566591
2007064576
2007105535
2011693056
2011791359
2013134848
2013200383
2013206784
2013207039
2013210112
2013210367
2013213186
2013213187
2016411648
2016477183
2017992704
2018000895
2018017280
2018050047
2019328000
2019360767
2021916672
2021955165
2021955167
2022178815
2030305280
2030372351
2030374656
2030375935
2030376192
2030436351
2033123328
2033188863
2033417728
2033418239
2033426176
2033427455
2033434880
2033435647
2033491968
2033500159
2033504256
2033508351
2033881088
2033885183
2034647296
2034649087
2034651392
2034651408
2035253248
2035269631
2036637952
2036657663
2036715520
2036719615
2042757120
2042806271
2042822656
2042871807
2042888192
2043150335
2047410944
2047411199
2050031616
2050047999
2051407872
2051538943
2053505024
2053509119
2053521408
2053525503
2054160384
2054168575
2054225920
2054291455
2054365184
2054373375
2056830976
2056847359
2059943936
2059960319
2070118400
2070159359
2070347776
2070380543
2070708224
2070712319
2070728704
2070729471
2070729728
2070732799
2070937600
2071832063
2071832576
2071986175
2076471296
2076475391
2076672000
2076704767
2081308672
2081325055
2081351680
2081357823
2081423360
2081554431
2081685504
2081705983
2081706240
2081714175
2083024896
2083028991
2083127296
2083143679
2083151872
2083160063
2084569088
2084700159
2087462912
2087464959
2088632320
2088763391
2092957696
2093088767
2093481984
2093547519
2093613056
2094006271
2096234496
2096300031
2096758784
2096889855
2097020928
2097037311
2099314688
2099478527
2099725056
2099725311
2099735552
2099736063
2099736320
2099736831
2099737088
2099738111
2099741696
2099741951
2099744256
2099747583
2099748096
2099749375
2099749632
2099752191
2099752448
2099753727
2101182464
2101215231
2103443456
2103608063
2103608320
2103610623
2103618304
2103621375
2103623680
2103640063
2110783488
2110799871
2111647232
2111647487
2482233344
2482241535
2682388480
2682390271
2682390528
2682390783
2682393600
2682398723
2682398976
2682399231
2682399488
2682399743
2682400000
2682400255
2682400512
2682401279
2682403584
2682404351
2682404608
2682406143
2682406400
2682406655
2682407936
2682408447
2682409216
2682409471
2682411264
2682411519
2682412032
2682412287
2682417408
2682419199
2682429696
2682429951
2682438144
2682443519
2682444544
2682444799
2682445824
2682446079
2682446848
2682447103
2682447360
2682447871
2682448384
2682448639
2682449152
2682449407
2682449664
2682450431
2682450688
2682452223
2682452480
2682452991
2682454015
2682454015
2714697728
2714702591
2724790272
2724855807
2792292352
2792357887
2829115392
2829123583
2874408960
2874671103
3024879616
3025141759
3025534976
3025600511
3029696512
3029704703
3031957504
3032219647
3033137152
3033268223
3033718784
3033726975
3054632960
3054665727
3056623616
3056631807
3056730112
3056734207
3056758784
3056762879
3057451008
3057516543
3063955456
3063963647
3064856576
3064987647
3075735552
3075866623
3081502720
3081609215
3081633792
3081699327
3081728000
3081732095
3389292544
3389300735
3389324288
3389325311
3389669376
3389673471
3389788928
3389789183
3389937664
3389937919
3391490048
3391492095
3391512832
3391520479
3391520512
3391520687
3391520704
3391521279
3391523328
3391523583
3391525376
3391525887
3391528960
3391529471
3391531008
3391531263
3391533056
3391533311
3391535104
3391537151
3391746048
3391750143
3391852544
3391856639
3392069632
3392073727
3392923648
3392924159
3392958464
3392962559
3393520640
3393521663
3394621440
3394625535
3394994176
3394995199
3395006464
3395010559
3395091456
3395092479
3395156992
3395160319
3395160576
3395166207
3395223552
3395227647
3395227904
3395231743
3395289088
3395305471
3395354624
3395358719
3395359744
3395359999
3395361792
3395362047
3395362304
3395362815
3395363554
3395363583
3395363840
3395363857
3395363859
3395364133
3395369478
3395369478
3395485696
3395502079
3395944448
3396009983
3396075520
3396108799
3396109056
3396141055
3396337664
3396341247
3396341504
3396341887
3396342528
3396342783
3396343040
3396344319
3396344576
3396347903
3396348160
3396348415
3396352000
3396378623
3396382720
3396384019
3396384021
3396384039
3396384041
3396403199
3397001216
3397003263
3397025792
3397026047
3397083136
3397087231
3397330944
3397337087
3397349376
3397350399
3397351424
3397351679
3397351936
3397352703
3397352960
3397353471
3397361664
3397363711
3397517312
3397525503
3397574656
3397580799
3397581312
3397582847
3398307840
3398311935
3398721536
3398729727
3398819840
3398822655
3399004160
3399005183
3399005440
3399008255
3399528448
3399528959
3399530752
3399532543
3399835648
3399837183
3399837440
3399839743
3399856128
3399860223
3399864320
3399868415
3400790016
3400794111
3401404672
3401408511
3402366976
3402373119
3402374144
3402403839
3402412032
3402420223
3402420992
3402421496
3402421498
3402421634
3402421636
3402423295
3402423552
3402423807
3402424064
3402444799
3402448896
3402452991
3402457088
3402498047
3404333056
3404335487
3404335616
3404385791
3404386048
3404398591
3411228672
3411230719
3411419136
3411435519
3411443712
3411444191
3411673088
3411674111
3411769344
3411771391
3411871488
3411873535
3411873792
3411874559
3411874816
3411875327
3411875840
3411876351
3411876608
3411877375
3411877632
3411879679
3411881472
3411881983
3411882496
3411883007
3411883776
3411884142
3411884263
3411884654
3411884751
3411886847
3411887360
3411888895
3411889152
3411890175
3411890432
3411891199
3411891968
3411893972
3411894016
3411897855
3411898112
3411898142
3411898175
3411898206
3411898239
3411898270
3411898303
3411898397
3411898494
3411898815
3411898880
3411899391
3411899648
3411900670
3411901184
3411901695
3411901952
3411902463
3411906304
3411906625
3411907072
3411907327
3411907392
3411907423
3411907584
3411907839
3411908608
3411908863
3411909120
3411909247
3411909376
3411909631
3411910656
3411912191
3411912288
3411912447
3411913472
3411913727
3411917952
3411918079
3411918336
3411918591
3411919360
3411919615
3411921152
3411921663
3411922176
3411922431
3411924992
3411925247
3411925920
3411925951
3411925968
3411926015
3411926528
3411926655
3412025344
3412033535
3412267008
3412271103
3412377600
3412381695
3413579776
3413582847
3414171648
3414179839
3414302720
3414310911
3414618112
3414620159
3414663168
3414667263
3415474176
3415490559
3416133632
3416135679
3417202688
3417210879
3418071296
3418074111
3418074368
3418079231
3418296320
3418300415
3418308608
3418324991
3418357760
3418365951
3419361280
3419365375
3419390720
3419390975
3419398144
3419404287
3419407872
3419408127
3419414528
3419422719
3419529216
3419537407
3419668480
3419672575
3523346689
3523346689
3523346946
3523346946
3524001792
3524002559
3524003328
3524003583
3524006688
3524006719
3524006784
3524006815
3524011008
3524011263
3524011520
3524011775
3524012160
3524012287
3524012544
3524012799
3524013312
3524013823
3524014080
3524014335
3524014848
3524015103
3524015360
3524015615
3524018176
3524018943
3524020480
3524020991
3524030976
3524031231
3524031744
3524032255
3524035584
3524036095
3524036352
3524036607
3524037120
3524037631
3524038400
3524038655
3524041216
3524041983
3524042752
3524043007
3524044288
3524044543
3524050176
3524050943
3524059136
3524060159
3524061184
3524061695
3524063232
3524064767
3524067072
3524083711
3524129024
3524129279
3524161536
3524173823
3524226560
3524226815
3524857856
3524858879
3524886528
3524894975
3525246976
3525271551
3525287936
3525292031
3526557696
3526562815
3526598656
3526606847
3526624000
3526625023
3526626208
3526626231
3526626816
3526627071
3526627584
3526627839
3526628608
3526629119
3526636032
3526636287
3526657280
3526661375
3526661632
3526662655
3526662912
3526663679
3526705152
3526705663
3526705920
3526707199
3526721536
3526722303
3527937024
3527937535
3527938048
3527941631
3527944960
3527945215
3527958528
3527962623
3527972864
3527973631
3527975424
3527975935
3527983104
3528002815
3528007680
3528009471
3528009728
3528010239
3528010496
3528010751
3528011520
3528032255
3528040448
3528052735
3528056832
3528081663
3528089600
3528094719
3528105984
3528114175
3528114688
3528115199
3528119040
3528119295
3528120064
3528120575
3528155136
3528163327
3528171520
3528189951
3528192000
3528193023
3528194560
3528195071
3528220672
3528228863
3528245248
3528246015
3528246528
3528247295
3528253440
3528265727
3528265984
3528267007
3528267264
3528269311
3528269568
3528278015
3528282368
3528282623
3528284928
3528285183
3528285952
3528286207
3528294400
3528302591
3528306688
3528310783
3528320512
3528323071
3528323328
3528324607
3528324864
3528327167
3528335360
3528343551
3528359936
3528361594
3528361596
3528368126
3528368128
3528392703
3528450048
3528455167
3528455424
3528458239
3528589312
3528603064
3528603066
3528622079
3528622336
3528622847
3528624384
3528624511
3528638208
3528638463
3528644096
3528644351
3528644608
3528646911
3528647680
3528647935
3528649728
3528650239
3532687360
3532689151
3535822848
3535831039
3544449024
3544469503
3544471552
3544477695
3544479744
3544480767
3544645632
3544698879
3544702976
3544711167
3545300992
3545303039
3545382912
3545399295
3545759744
3545760767
3545761024
3545782157
3545782159
3545825279
3545853952
3545854463
3545872896
3545883135
3545907200
3545907455
3546130432
3546202111
3546417152
3546418175
3546421248
3546421503
3546421760
3546422527
3546448896
3546449151
3546450944
3546451199
3546480640
3546497023
3546497097
3546497097
3546497280
3546505215
3546513408
3546576895
3546595328
3546677247
3546684928
3546701567
3546710016
3546718463
3546719232
3546720767
3546721536
3546722303
3546722560
3546742783
3546775552
3546808319
3548905472
3548930047
3549429760
3549446143
3549462528
3549470719
3549487104
3549516799
3549517056
3549519615
3549520640
3549528063
3549560832
3549569023
3549626368
3549642751
3549650944
3549667327
3549822976
3549914111
3549914368
3549921279
3549921792
3549949695
3549949952
3549959167
3549978624
3549986815
3550004480
3550011391
3550019584
3550026495
3550026626
3550026626
3550026752
3550097407
3550097664
3550099199
3550099968
3550100991
3550101248
3550101503
3550126080
3550130175
3550134272
3550150655
3550158848
3550166178
3550166181
3550175231
3550178560
3550179071
3550179328
3550179839
3550183424
3550199807
3550212096
3550216191
3550224128
3550224383
3550233600
3550234111
3550234880
3550236671
3550248960
3550249471
3550252032
3550260223
3550265344
3550273535
3550281728
3550347263
3550433280
3550437631
3550438912
3550489343
3550489600
3550489848
3550489850
3550490641
3550494720
3550514175
3550515200
3550516223
3550522368
3550522623
3550522880
3550523391
3550525440
3550527999
3550528256
3550530559
3550531584
3550540287
3550540544
3550548223
3550551040
3550556159
3550564352
3550565375
3550566656
3550568447
3550666752
3550668031
3550668800
3550669055
3550871552
3550896639
3550896896
3550903807
3550918656
3550919167
3550931456
3550931711
3550945280
3550961663
3550978048
3551002623
3658178492
3658178492
3659399168
3659403007
3659403264
3659403775
3659405568
3659406847
3659421184
3659431935
3659444992
3659445759
3659456256
3659456511
3659464192
3659464447
3663724544
3663798271
3663798528
3663835391
3663837184
3663838719
3663838976
3663839231
3663851520
3663853823
3663854080
3663855615
3663921152
3663923967
3663937536
3663986687
3664302080
3664302591
3664420864
3664425983
3664426240
3664429055
3664441344
3664445439
3664461824
3664494591
3670601728
3670605823
3670900736
3670925311
3670949888
3670958079
3670978560
3670979583
3670982144
3670982655
3671056384
3671056895
3671059200
3671064575
3673161728
3673178111
3673196032
3673201151
3673243648
3673292799
3673358336
3673423871
3673432064
3673439743
3673456640
3673464831
3673466368
3673468927
3673477120
3673563903
3673571328
3673587711
3673620480
3673628671
3673636864
3673686015
3673751552
3673817087
3678928896
3678929663
3678945024
3678945791
3678993920
3678994175
3679682560
3679715327
3683483648
3683537151
3683537408
3683647487
3684566016
3684566271
3684566528
3684566783
3684567296
3684567551
3684568576
3684568831
3684581376
3684614399
3684614656
3684630527
3688894464
3688902655
3688914944
3688972799
3688976640
3688980479
3688986880
3688987135
3688987392
3688988671
3689024512
3689039871
3689046528
3689054207
3689068544
3689070591
3689168640
3689170175
3689170688
3689172991
3689414656
3689431039
3689439232
3689447423
3689463808
3689471999
3689472256
3689480191
3689566208
3689570303
3689578496
3689611263
3689619456
3689627647
3689644032
3689644287
3689660416
3689664511
3689668608
3689862913
3689862918
3689862941
3689862943
3689876452
3689876454
3689919361
3689919363
3689938943
3690070016
3690090495
3690094592
3690119167
3690123264
3690135551
3690171392
3690171647
3690184704
3690193151
3697655808
3697672191
3698393088
3698405631
3698426112
3698426367
3698426624
3698427135
3701145600
3701211135
3702849536
3702857640
3702857643
3702861311
3702861568
3702877695
3702877952
3702915071
3703570432
3703572479
3703633920
3703634175
3703634432
3703635455
3703701504
3703717887
3704432640
3704438783
3704452096
3704452863
3704457216
3704463359
3704475648
3704475903
3704481792
3704538111
3704538880
3704542207
3704542464
3704548095
3704549376
3704554495
3704570880
3704572927
3704573952
3704578047
3704598528
3704599551
3706126336
3706142719
3707305984
3707322367
3707361280
3707367423
3707387904
3707568127
3715760384
3715776511
3715777536
3715778047
3715778816
3715780607
3715780864
3715792895
3715809280
3715809535
3715825408
3715842047
3715846400
3715858431
3715859968
3715863039
3715863296
3715864575
3715864832
3715891199
3716292608
3716296703
3716337664
3716348927
3716349184
3716349951
3719168000
3719172095
3719172608
3719173119
3719299072
3719307263
3719364608
3719367679
3719368704
3719399423
3719399680
3719430143
3719528448
3719542015
3719542272
3719561215
3721920512
3722444799
3723405568
3723406847
3726376960
3726508031
3726589952
3726622719
3726835712
3726901247
3728629760
3728636671
3732930560
3733192703
3737596416
3737599999
3737609472
3737649151
3740860416
3740925951
3742629888
3742760959
3754491904
3754688511
3755978752
3755986943
3757867008
3757875199
3758030848
3758063615
